522
243
389
226
278
238
163
182
361
288
265
337
199
232
180
303
166
375
151
449
241
459
134
244
212
388
163
577
295
590
373
603
388
472
483
493
514
512
319
214
237
206
221
206
144
206
217
233
134
259
214
261
318
243
388
246
454
244
597
244
599
277
451
275
397
276
316
274
239
272
127
282
208
293
207
308
115
330
198
331
320
340
112
356
167
357
193
358
188
379
239
390
96
418
178
421
237
421
314
420
364
423
461
421
509
367
513
444
83
483
116
486
166
486
236
487
312
489
378
497
458
514
72
542
119
543
167
543
212
544
260
546
295
547
315
528
372
530
458
531
374
558
457
561
179
285
450
212
212
273
367
341
459
496
